('D = ', [0.1231126530729052, -0.25081039971973895, 0.0017031126237788384, -0.003946187089173838, 0.0])
('K = ', [621.1106887432479, 0.0, 329.34056034768446, 0.0, 620.1331321835886, 254.11361713044982, 0.0, 0.0, 1.0])
('R = ', [1.0, 0.0, 0.0, 0.0, 1.0, 0.0, 0.0, 0.0, 1.0])
('P = ', [630.7611694335938, 0.0, 327.4641092645106, 0.0, 0.0, 630.9595947265625, 254.77312328270273, 0.0, 0.0, 0.0, 1.0, 0.0])
None
# oST version 5.0 parameters


[image]

width
640

height
480

[narrow_stereo]

camera matrix
621.110689 0.000000 329.340560
0.000000 620.133132 254.113617
0.000000 0.000000 1.000000

distortion
0.123113 -0.250810 0.001703 -0.003946 0.000000

rectification
1.000000 0.000000 0.000000
0.000000 1.000000 0.000000
0.000000 0.000000 1.000000

projection
630.761169 0.000000 327.464109 0.000000
0.000000 630.959595 254.773123 0.000000
0.000000 0.000000 1.000000 0.000000

